
AGE         -0.020538   0.029580  -0.694 0.487482    
SEX          1.641327   0.656291   2.501 0.012387  
(Intercept) -7.946051   3.477686  -2.285 0.022321 
CHESTPAIN2   1.308530   1.000913   1.307 0.191098    
CHESTPAIN3   0.560233   0.865114   0.648 0.517255    
CHESTPAIN4   2.356442   0.820521   2.872 0.004080 
RESTBP       0.026588   0.013357   1.991 0.046529  
CHOL         0.008105   0.004790   1.692 0.090593  
SUGAR       -1.263606   0.732414  -1.725 0.084480  
ECG1         1.352751   3.287293   0.412 0.680699    
ECG2         0.563430   0.461872   1.220 0.222509    
MAXHR       -0.013585   0.012873  -1.055 0.291283    
ANGINA       0.999906   0.525996   1.901 0.057305 
THAL7        1.717886   0.510986   3.362 0.000774
DEP          0.196349   0.282891   0.694 0.487632    
EXERCISE2    0.743530   0.560700   1.326 0.184815    
EXERCISE3    0.946718   1.165567   0.812 0.416655    
FLUOR        1.310240   0.308348   4.249 2.15e-05
THAL6        0.304117   0.995464   0.306 0.759983    